0	0.999
1	0.33766464513436395
2	0.33463084823536543
3	0.34897075561411195
4	0.3511991541101185
5	0.35047323600251057
6	0.3536383379055758
7	0.3507293547327184
8	0.34642853802444484
9	0.32974493658908455
10	0.3218560982752734
11	0.3177476861983275
12	0.3118804084297211
13	0.3049097158917317
14	0.29937259937205307
15	0.291948619942939
16	0.2865820749787617
17	0.2781702197647734
18	0.2756183855371938
19	0.2699808802028405
20	0.26715360705687424
21	0.2565061429852065
22	0.25046315156071625
23	0.24676615995091475
24	0.24319030542636283
25	0.2401840132368188
26	0.23789125869855615
27	0.2336805867941415
28	0.22931251944119704
29	0.22604400601031147
30	0.2238635196526402
31	0.22066549905756283
32	0.21691560093716655
33	0.2110925946164037
34	0.20739723665970813
35	0.203144988532714
36	0.200209387786452
37	0.19810417124427687
38	0.1943795879863158
39	0.19036932185688207
40	0.187268875535332
41	0.18284689534173823
42	0.17993155883686401
43	0.1776007862013287
44	0.17518229255046447
45	0.1723906698894729
46	0.16866619271801447
47	0.16547855445632736
48	0.16374605664330544
49	0.16127433783162398
50	0.16023174954331088
51	0.15768470860077868
52	0.15593233956682587
53	0.1527961617187527
54	0.14992631294560252
55	0.1486536113447414
56	0.14735107655889787
57	0.14426193800949275
58	0.14261393118564508
59	0.14123406099703686
60	0.1375073474025871
61	0.13675424034697528
62	0.13404132655295548
63	0.13308682388206175
64	0.13103607726794897
65	0.12896788978018225
66	0.12796703502613885
67	0.12672507735023975
68	0.12575274810399814
69	0.12319712859377425
70	0.12172118958820763
71	0.12012748537759914
72	0.11765714574114644
73	0.11596313106708903
74	0.11457538724577236
75	0.11276214056730473
76	0.11235697583559637
77	0.11147580308248538
78	0.1095407472501587
79	0.10799649502581561
80	0.10565168395539944
81	0.10388593485151777
82	0.10266737851130983
83	0.10200466300040897
84	0.10092265213420015
85	0.09898028552176187
86	0.09708603662817764
87	0.09646951885181185
88	0.09616994718586022
89	0.09488055860451292
90	0.0933084339719565
91	0.09251455964901621
92	0.09111489844038612
93	0.09025721603931418
94	0.08937355597598409
95	0.08854561879205798
96	0.08698249633450249
97	0.08653759254316187
98	0.08553286975678881
99	0.08456640924330762
100	0.0839243441901817
101	0.08262043522329347
102	0.08183526523896086
103	0.0803127705293743
104	0.07954866162909256
105	0.07917263783420693
106	0.07793392190416534
107	0.0771346449961129
108	0.0761678254914635
109	0.07558460053015731
110	0.07435345427333505
111	0.07352292161759832
112	0.07292334055605396
113	0.07227039351316125
114	0.0716585677891359
115	0.07061861385993318
116	0.06987398035123711
117	0.06975621286182357
118	0.06922114018441265
119	0.06854281094901932
120	0.067609865855521
121	0.06676425804325864
122	0.06628784019319418
123	0.06558345723850302
124	0.06460289367987943
125	0.06423731693020117
126	0.06332768681388735
127	0.0629769644506195
128	0.06238173073618433
129	0.06193885613052487
130	0.06146943088251491
131	0.06064155599632768
132	0.05988868653336732
133	0.05935920677839815
134	0.05874036829253449
135	0.05799493227927374
136	0.057174574227540145
137	0.056493860236037544
138	0.05605765033872961
139	0.05574647436667573
140	0.055394326548877874
141	0.05496514420092729
142	0.0545609309734693
143	0.05397040819149957
144	0.053619973836719695
145	0.053288730189944455
146	0.052856808828561544
147	0.0522840587183174
148	0.0522837943139264
149	0.05175000782972416
150	0.05121191463729619
151	0.050661993870980956
152	0.05019309810517619
153	0.04983472305124003
154	0.049102921209467965
155	0.048508449227296496
156	0.04817651823829717
157	0.04805017668385265
158	0.047457122700284765
159	0.047436644030140446
160	0.04720930190496045
161	0.04689950882831719
162	0.04634002875326978
163	0.046000462346342044
164	0.0457398068625045
165	0.04517882656244452
166	0.0448394659753452
167	0.044536785155305895
168	0.04412243696761532
169	0.04405701331495688
170	0.0437250148941325
171	0.04340152551466817
172	0.04321392170117346
173	0.042725526194865866
174	0.042722644987952633
175	0.04237739900971845
176	0.042180631037578804
177	0.04179931211858486
178	0.04136535782189394
179	0.04093523522404945
180	0.04065337840502596
181	0.040289320403282244
182	0.040250895149055
183	0.03988731308480807
184	0.03937438160159971
185	0.03924087021846893
186	0.03883063829601076
187	0.03861121548833787
188	0.03824019787994549
189	0.03807049562076392
190	0.03786965807155214
191	0.037784599754949647
192	0.03774802791298116
193	0.037541067966480504
194	0.0372191399940637
195	0.037045946124085134
196	0.03675588891227709
197	0.03646927478086296
198	0.03633567975216104
199	0.03620181033988253
200	0.03594972690149064
201	0.035770132773940796
202	0.035348803378721864
203	0.03511966001989326
204	0.034882825825940114
205	0.0344782607524183
206	0.0342637678962784
207	0.034081373014200264
208	0.03386427433154457
209	0.03356210046076159
210	0.03350346856248021
211	0.033221828491805355
212	0.033052510514992695
213	0.03297295007518358
214	0.03280231648947094
215	0.03253305559174493
216	0.032302009449388894
217	0.03214384702520501
218	0.03182444590671632
219	0.031822731276479256
220	0.031612737547180574
221	0.031582638002513305
222	0.03128619900478377
223	0.031108017998455775
224	0.031007502520807535
225	0.030933461652347213
226	0.030609837862337966
227	0.030682713923482607
228	0.030542723962130678
229	0.03016537526195656
230	0.030077089560927504
231	0.02998132500679774
232	0.0298364329813945
233	0.029677898492759716
234	0.029500003625667737
235	0.029419476907185375
236	0.02918155246897612
237	0.029067022189182157
238	0.028991341172503817
239	0.02878219724951809
240	0.02867061436852143
241	0.028611109811636958
242	0.028358426467595187
243	0.028222160076611467
244	0.028175713022632935
245	0.028074849113222597
246	0.027849551166725706
247	0.027684299943700717
248	0.02746003741167247
249	0.027409274793543624
250	0.027319900192346272
251	0.02717913048357605
252	0.02711499507931185
253	0.0270295983797294
254	0.026956216470698888
255	0.02679856576626613
256	0.02656112347869827
257	0.026493256345583447
258	0.026447492904920468
259	0.026456960814395605
260	0.026443128563389016
261	0.02633432191349756
262	0.02613284386175905
263	0.0260252119243282
264	0.02584219995283076
265	0.0256543378763738
266	0.02556211219977987
267	0.02548028000211282
268	0.025332280349461812
269	0.025228400087814924
270	0.025192598370850715
271	0.02521793634944359
272	0.025062616904049026
273	0.02494708080136309
274	0.02485083551575517
275	0.02481935903188771
276	0.024777340250692427
277	0.024702320318859983
278	0.024600254710086998
279	0.024527767918457382
280	0.02450519995568985
281	0.024327736716706492
282	0.024230634283134315
283	0.024182250881736426
284	0.024119861218436556
285	0.02414971445355566
286	0.02405892612224058
287	0.023968292731687248
288	0.02387611279318279
289	0.023797940962087125
290	0.02362556953674149
291	0.023513055614742272
292	0.023493750806971074
293	0.023469682254311622
294	0.023446890794048263
295	0.023222659458570234
296	0.023110643892091266
297	0.023065472560965146
298	0.02297106665766278
299	0.022862769459206306
