0	0.005858626780216802
1	0.005858626780216802
2	0.005858626780216802
3	0.005858626780216802
4	0.005858626780216802
5	0.005858626780216802
6	0.005858626780216802
7	0.005858626780216802
8	0.005858626780216802
9	0.005858626780216802
10	0.005858626780216802
11	0.005858626780216802
12	0.005858626780216802
13	0.005858626780216802
14	0.005858626780216802
15	0.005858626780216802
16	0.005858626780216802
17	0.005858626780216802
18	0.005858626780216802
19	0.005858626780216802
20	0.005858626780216802
21	0.005858626780216802
22	0.005858626780216802
23	0.005858626780216802
24	0.005858626780216802
25	0.005858626780216802
26	0.005858626780216802
27	0.005858626780216802
28	0.005858626780216802
29	0.005858626780216802
30	0.005858626780216802
31	0.005858626780216802
32	0.005858626780216802
33	0.005858626780216802
34	0.005858626780216802
35	0.005858626780216802
36	0.005858626780216802
37	0.005858626780216802
38	0.005858626780216802
39	0.005858626780216802
40	0.005858626780216802
41	0.005858626780216802
42	0.005858626780216802
43	0.005858626780216802
44	0.005858626780216802
45	0.005858626780216802
46	0.005858626780216802
47	0.005858626780216802
48	0.005858626780216802
49	0.005858626780216802
50	0.005858626780216802
51	0.005858626780216802
52	0.005858626780216802
53	0.005858626780216802
54	0.005858626780216802
55	0.005858626780216802
56	0.005858626780216802
57	0.005858626780216802
58	0.005858626780216802
59	0.005858626780216802
60	0.005858626780216802
61	0.005858626780216802
62	0.005858626780216802
63	0.005858626780216802
64	0.005858626780216802
65	0.005858626780216802
66	0.005858626780216802
67	0.005858626780216802
68	0.005858626780216802
69	0.005858626780216802
70	0.005858626780216802
71	0.005858626780216802
72	0.005858626780216802
73	0.005858626780216802
74	0.005858626780216802
75	0.005858626780216802
76	0.005858626780216802
77	0.005858626780216802
78	0.005858626780216802
79	0.005858626780216802
80	0.005858626780216802
81	0.005858626780216802
82	0.005858626780216802
83	0.005858626780216802
84	0.005858626780216802
85	0.005858626780216802
86	0.005858626780216802
87	0.005858626780216802
88	0.005858626780216802
89	0.005858626780216802
90	0.005858626780216802
91	0.005858626780216802
92	0.005858626780216802
93	0.005858626780216802
94	0.005858626780216802
95	0.005858626780216802
96	0.005858626780216802
97	0.005858626780216802
98	0.005858626780216802
99	0.005858626780216802
100	0.005858626780216802
101	0.005858626780216802
102	0.005858626780216802
103	0.005858626780216802
104	0.005858626780216802
105	0.005858626780216802
106	0.005858626780216802
107	0.005858626780216802
108	0.005858626780216802
109	0.005858626780216802
110	0.005858626780216802
111	0.005858626780216802
112	0.005858626780216802
113	0.005858626780216802
114	0.005858626780216802
115	0.005858626780216802
116	0.005858626780216802
117	0.005858626780216802
118	0.005858626780216802
119	0.005858626780216802
120	0.005858626780216802
121	0.005858626780216802
122	0.005858626780216802
123	0.005858626780216802
124	0.005858626780216802
125	0.005858626780216802
126	0.005858626780216802
127	0.005858626780216802
128	0.005858626780216802
129	0.005858626780216802
130	0.005858626780216802
131	0.005858626780216802
132	0.005858626780216802
133	0.005858626780216802
134	0.005858626780216802
135	0.005858626780216802
136	0.005858626780216802
137	0.005858626780216802
138	0.005858626780216802
139	0.005858626780216802
140	0.005858626780216802
141	0.005858626780216802
142	0.005858626780216802
143	0.005858626780216802
144	0.005858626780216802
145	0.005858626780216802
146	0.005858626780216802
147	0.005858626780216802
148	0.005858626780216802
149	0.005858626780216802
150	0.005858626780216802
151	0.005858626780216802
152	0.005858626780216802
153	0.005858626780216802
154	0.005858626780216802
155	0.005858626780216802
156	0.005858626780216802
157	0.005858626780216802
158	0.005858626780216802
159	0.005858626780216802
160	0.005858626780216802
161	0.005858626780216802
162	0.005858626780216802
163	0.005858626780216802
164	0.005858626780216802
165	0.005858626780216802
166	0.005858626780216802
167	0.005858626780216802
168	0.005858626780216802
169	0.005858626780216802
170	0.005858626780216802
171	0.005858626780216802
172	0.005858626780216802
173	0.005858626780216802
174	0.005858626780216802
175	0.005858626780216802
176	0.005858626780216802
177	0.005858626780216802
178	0.005858626780216802
179	0.005858626780216802
180	0.005858626780216802
181	0.005858626780216802
182	0.005858626780216802
183	0.005858626780216802
184	0.005858626780216802
185	0.005858626780216802
186	0.005858626780216802
187	0.005858626780216802
188	0.005858626780216802
189	0.005858626780216802
190	0.005858626780216802
191	0.005858626780216802
192	0.005858626780216802
193	0.005858626780216802
194	0.005858626780216802
195	0.005858626780216802
196	0.005858626780216802
197	0.005858626780216802
198	0.005858626780216802
199	0.005858626780216802
200	0.005858626780216802
201	0.005858626780216802
202	0.005858626780216802
203	0.005858626780216802
204	0.005858626780216802
205	0.005858626780216802
206	0.005858626780216802
207	0.005858626780216802
208	0.005858626780216802
209	0.005858626780216802
210	0.005858626780216802
211	0.005858626780216802
212	0.005858626780216802
213	0.005858626780216802
214	0.005858626780216802
215	0.005858626780216802
216	0.005858626780216802
217	0.005858626780216802
218	0.005858626780216802
219	0.005858626780216802
220	0.005858626780216802
221	0.005858626780216802
222	0.005858626780216802
223	0.005858626780216802
224	0.005858626780216802
225	0.005858626780216802
226	0.005858626780216802
227	0.005858626780216802
228	0.005858626780216802
229	0.005858626780216802
230	0.005858626780216802
231	0.005858626780216802
232	0.005858626780216802
233	0.005858626780216802
234	0.005858626780216802
235	0.005858626780216802
236	0.005858626780216802
237	0.005858626780216802
238	0.005858626780216802
239	0.005858626780216802
240	0.005858626780216802
241	0.005858626780216802
242	0.005858626780216802
243	0.005858626780216802
244	0.005858626780216802
245	0.005858626780216802
246	0.005858626780216802
247	0.005858626780216802
248	0.005858626780216802
249	0.005858626780216802
250	0.005858626780216802
251	0.005858626780216802
252	0.005858626780216802
253	0.005858626780216802
254	0.005858626780216802
255	0.005858626780216802
256	0.005858626780216802
257	0.005858626780216802
258	0.005858626780216802
259	0.005858626780216802
260	0.005858626780216802
261	0.005858626780216802
262	0.005858626780216802
263	0.005858626780216802
264	0.005858626780216802
265	0.005858626780216802
266	0.005858626780216802
267	0.005858626780216802
268	0.005858626780216802
269	0.005858626780216802
270	0.005858626780216802
271	0.005858626780216802
272	0.005858626780216802
273	0.005858626780216802
274	0.005858626780216802
275	0.005858626780216802
276	0.005858626780216802
277	0.005858626780216802
278	0.005858626780216802
279	0.005858626780216802
280	0.005858626780216802
281	0.005858626780216802
282	0.005858626780216802
283	0.005858626780216802
284	0.005858626780216802
285	0.005858626780216802
286	0.005858626780216802
287	0.005858626780216802
288	0.005858626780216802
289	0.005858626780216802
290	0.005858626780216802
291	0.005858626780216802
292	0.005858626780216802
293	0.005858626780216802
294	0.005858626780216802
295	0.005858626780216802
296	0.005858626780216802
297	0.005858626780216802
298	0.005858626780216802
299	0.005858626780216802

