0 0
1 198
2 276
3 309
4 379
5 409
6 445
7 394
8 410
9 404
10 395
11 371
12 381
13 328
14 320
15 313
16 254
17 230
18 250
19 210
20 194
21 180
22 187
23 164
24 140
25 166
26 134
27 123
28 111
29 96
30 78
31 102
32 79
33 67
34 67
35 75
36 60
37 52
38 59
39 54
40 52
41 42
42 50
43 35
44 41
45 28
46 27
47 32
48 31
49 23
50 20
51 31
52 20
53 20
54 12
55 22
56 23
57 18
58 14
59 22
60 15
61 12
62 12
63 23
64 14
65 16
66 11
67 10
68 13
69 8
70 12
71 12
72 14
73 8
74 8
75 14
76 7
77 11
78 8
79 5
80 7
81 16
82 9
83 8
84 10
85 5
86 9
87 4
88 9
89 3
90 6
91 3
92 11
93 4
94 7
95 6
96 6
97 1
98 2
99 4
100 9
101 6
102 4
103 4
104 2
105 8
106 8
107 3
108 7
109 4
110 3
111 5
112 3
113 5
114 7
115 2
116 5
117 5
118 3
119 3
120 5
121 8
122 2
123 6
124 7
125 4
126 4
127 5
128 1
129 8
130 2
131 2
132 3
133 2
134 3
135 4
136 2
137 2
138 3
139 6
140 4
141 5
142 5
143 3
144 1
145 4
146 0
147 3
148 0
149 4
150 2
151 3
152 2
153 2
154 4
155 1
156 3
157 4
158 2
159 3
160 1
161 2
162 1
163 1
164 1
165 1
166 2
167 4
168 0
169 7
170 1
171 1
172 0
173 5
174 2
175 0
176 1
177 5
178 3
179 1
180 0
181 0
182 2
183 2
184 2
185 1
186 1
187 0
188 2
189 0
190 2
191 2
192 2
193 1
194 3
195 2
196 3
197 1
198 1
199 0
200 1
201 1
202 1
203 0
204 0
205 1
206 0
207 2
208 3
209 1
210 2
211 2
212 1
213 0
214 0
215 0
216 0
217 1
218 0
219 1
220 0
221 1
222 0
223 2
224 1
225 1
226 3
227 2
228 1
229 4
230 2
231 0
232 1
233 1
234 0
235 1
236 0
237 0
238 2
239 1
240 0
241 0
242 3
243 2
244 1
245 1
246 0
247 0
248 0
249 0
250 0
251 0
252 0
253 1
254 2
255 1
256 2
257 0
258 1
259 1
260 2
261 2
262 0
263 0
264 1
265 0
266 1
267 1
268 1
269 1
270 0
271 1
272 0
273 1
274 2
275 0
276 2
277 0
278 0
279 1
280 0
281 0
282 0
283 0
284 0
285 0
286 0
287 1
288 0
289 0
290 4
291 2
292 0
293 0
294 0
295 0
296 1
297 0
298 0
299 1
300 0
301 1
302 4
303 1
304 0
305 2
306 0
307 1
308 0
309 1
310 1
311 0
312 1
313 0
314 0
315 2
316 1
317 2
318 0
319 0
320 1
321 0
322 0
323 1
324 0
325 0
326 0
327 0
328 1
329 0
330 1
331 1
332 0
333 0
334 1
335 0
336 1
337 0
338 0
339 0
340 0
341 1
342 0
343 0
344 1
345 0
346 0
347 0
348 0
349 0
350 0
351 0
352 0
353 1
354 0
355 0
356 0
357 0
358 0
359 0
360 2
361 1
362 0
363 1
364 0
365 0
366 2
367 1
368 0
369 0
370 0
371 0
372 1
373 0
374 0
375 0
376 1
377 1
378 0
379 0
380 0
381 1
382 1
383 2
384 0
385 0
386 1
387 0
388 0
389 1
390 1
391 1
392 0
393 1
394 0
395 1
396 2
397 0
398 1
399 0
400 0
401 0
402 2
403 0
404 0
405 0
406 1
407 0
408 0
409 1
410 0
411 0
412 0
413 0
414 0
415 1
416 0
417 1
418 2
419 0
420 0
421 0
422 2
423 0
424 0
425 0
426 0
427 0
428 0
429 1
430 0
431 0
432 1
433 1
434 0
435 0
436 0
437 0
438 0
439 1
440 0
441 0
442 0
443 0
444 0
445 0
446 0
447 0
448 0
449 0
450 0
451 0
452 0
453 0
454 0
455 0
456 1
457 0
458 0
459 0
460 0
461 0
462 0
463 0
464 0
465 0
466 0
467 0
468 1
469 0
470 0
471 1
472 1
473 0
474 0
475 0
476 0
477 0
478 1
479 0
480 0
481 0
482 0
483 0
484 0
485 0
486 0
487 1
488 0
489 0
490 0
491 0
492 0
493 0
494 0
495 0
496 0
497 0
498 0
499 0
500 1
501 0
502 0
503 0
504 0
505 0
506 0
507 0
508 1
509 1
510 0
511 0
512 1
513 1
514 0
515 0
516 0
517 0
518 0
519 0
520 0
521 0
522 0
523 0
524 0
525 0
526 0
527 0
528 0
529 0
530 1
531 1
532 0
533 0
534 0
535 0
536 0
537 0
538 0
539 1
540 0
541 0
542 0
543 0
544 0
545 0
546 1
547 1
548 0
549 0
550 1
551 0
552 0
553 0
554 0
555 0
556 0
557 0
558 0
559 0
560 0
561 1
562 0
563 0
564 0
565 0
566 0
567 0
568 0
569 0
570 0
571 0
572 1
573 0
574 0
575 0
576 1
577 0
578 0
579 0
580 1
581 0
582 1
583 0
584 0
585 0
586 0
587 0
588 0
589 0
590 0
591 1
592 0
593 1
594 0
595 0
596 0
597 1
598 0
599 1
600 0
601 1
602 0
603 1
604 0
605 0
606 0
607 0
608 0
609 0
610 0
611 0
612 0
613 0
614 0
615 0
616 0
617 0
618 0
619 0
620 1
621 0
622 1
623 0
624 0
625 0
626 0
627 1
628 0
629 0
630 0
631 1
632 0
633 0
634 0
635 0
636 0
637 0
638 0
639 0
640 0
641 0
642 1
643 0
644 0
645 1
646 0
647 0
648 0
649 0
650 0
651 0
652 0
653 0
654 0
655 0
656 0
657 0
658 0
659 0
660 0
661 0
662 0
663 0
664 1
665 0
666 0
667 0
668 0
669 0
670 0
671 0
672 1
673 0
674 0
675 0
676 0
677 0
678 0
679 0
680 0
681 0
682 0
683 0
684 0
685 0
686 0
687 0
688 0
689 0
690 0
691 0
692 0
693 0
694 0
695 0
696 0
697 0
698 0
699 0
700 0
701 0
702 0
703 0
704 1
705 0
706 1
707 0
708 0
709 0
710 0
711 0
712 0
713 0
714 0
715 0
716 1
717 0
718 0
719 0
720 0
721 0
722 0
723 0
724 0
725 0
726 0
727 0
728 0
729 0
730 0
731 0
732 0
733 0
734 0
735 0
736 0
737 0
738 0
739 0
740 0
741 1
742 0
743 0
744 0
745 0
746 0
747 0
748 0
749 0
750 0
751 0
752 0
753 0
754 0
755 0
756 0
757 0
758 0
759 0
760 0
761 0
762 0
763 1
764 0
765 0
766 0
767 0
768 0
769 0
770 0
771 0
772 0
773 0
774 0
775 0
776 0
777 1
778 0
779 0
780 0
781 0
782 0
783 0
784 0
785 0
786 0
787 0
788 0
789 0
790 0
791 0
792 0
793 0
794 0
795 0
796 0
797 0
798 0
799 0
800 0
801 0
802 0
803 1
804 0
805 0
806 0
807 1
808 0
809 0
810 1
811 1
812 0
813 2
814 0
815 0
816 0
817 0
818 0
819 0
820 0
821 0
822 0
823 1
824 0
825 1
826 0
827 1
828 0
829 0
830 0
831 0
832 0
833 1
834 0
835 0
836 0
837 0
838 0
839 0
840 0
841 0
842 0
843 0
844 0
845 0
846 0
847 0
848 0
849 0
850 1
851 0
852 0
853 0
854 0
855 1
856 0
857 0
858 0
859 0
860 0
861 0
862 0
863 0
864 0
865 0
866 0
867 0
868 0
869 0
870 0
871 0
872 0
873 0
874 0
875 0
876 0
877 0
878 0
879 0
880 0
881 0
882 0
883 0
884 0
885 0
886 0
887 0
888 0
889 0
890 0
891 0
892 0
893 0
894 0
895 1
896 0
897 0
898 0
899 0
900 0
901 0
902 1
903 0
904 0
905 0
906 0
907 0
908 0
909 0
910 0
911 0
912 0
913 0
914 0
915 0
916 0
917 0
918 0
919 0
920 0
921 0
922 0
923 0
924 0
925 0
926 0
927 0
928 0
929 0
930 0
931 0
932 0
933 0
934 0
935 0
936 0
937 0
938 0
939 0
940 0
941 0
942 0
943 0
944 0
945 0
946 0
947 0
948 0
949 0
950 0
951 0
952 0
953 0
954 0
955 0
956 0
957 0
958 0
959 0
960 0
961 0
962 0
963 0
964 0
965 0
966 0
967 0
968 0
969 0
970 0
971 1
972 0
973 0
974 0
975 0
976 0
977 0
978 0
979 0
980 0
981 0
982 0
983 0
984 0
985 0
986 0
987 0
988 0
989 0
990 0
991 0
992 0
993 0
994 0
995 0
996 1
997 0
998 0
999 0
1000 0
1001 0
1002 0
1003 0
1004 0
1005 0
1006 0
1007 0
1008 0
1009 0
1010 1
1011 0
1012 0
1013 0
1014 0
1015 0
1016 0
1017 0
1018 0
1019 0
1020 0
1021 0
1022 0
1023 0
1024 0
1025 0
1026 0
1027 0
1028 0
1029 0
1030 0
1031 0
1032 0
1033 0
1034 0
1035 0
1036 0
1037 0
1038 1
1039 0
1040 0
1041 0
1042 0
1043 0
1044 0
1045 0
1046 0
1047 0
1048 0
1049 0
1050 0
1051 0
1052 0
1053 0
1054 0
1055 0
1056 0
1057 0
1058 0
1059 0
1060 0
1061 0
1062 0
1063 0
1064 0
1065 0
1066 0
1067 0
1068 0
1069 0
1070 0
1071 0
1072 0
1073 0
1074 0
1075 0
1076 0
1077 0
1078 0
1079 0
1080 0
1081 0
1082 1
1083 0
1084 0
1085 0
1086 0
1087 0
1088 0
1089 0
1090 0
1091 0
1092 0
1093 0
1094 0
1095 0
1096 0
1097 0
1098 0
1099 0
1100 0
1101 0
1102 0
1103 0
1104 0
1105 0
1106 0
1107 0
1108 0
1109 0
1110 0
1111 0
1112 0
1113 0
1114 0
1115 0
1116 0
1117 1

