0	1.8999099909991
1	1.8991899189918993
2	1.898989898989899
3	1.898999899989999
4	1.8988198819881987
5	1.898879887988799
6	1.899089908990899
7	1.8994399439943994
8	1.8997499749974998
9	1.9001500150015
10	1.9005600560056006
11	1.9014401440144015
12	1.9023302330233023
13	1.9034603460346036
14	1.907830783078308
15	1.9096109610961096
16	1.9113411341134114
17	1.9125012501250125
18	1.913931393139314
19	1.915901590159016
20	1.9177817781778177
21	1.9197919791979199
22	1.9226222622262226
23	1.9243124312431243
24	1.928022802280228
25	1.9296829682968297
26	1.932013201320132
27	1.9328032803280328
28	1.9377837783778378
29	1.9385338533853385
30	1.9428542854285429
31	1.944944494449445
32	1.9432343234323433
33	1.9454545454545455
34	1.950995099509951
35	1.9515851585158517
36	1.9551155115511551
37	1.9635463546354635
38	1.9662166216621662
39	1.9728572857285729
40	1.9763576357635764
41	1.9789278927892788
42	1.9816581658165817
43	1.987948794879488
44	1.992819281928193
45	1.998899889988999
46	1.9988398839883987
47	2.002830283028303
48	2.011831183118312
49	2.016561656165617
50	2.0166616661666166
51	2.0187218721872187
52	2.022292229222922
53	2.0231723172317233
54	2.024912491249125
55	2.0264026402640263
56	2.027752775277528
57	2.0234323432343233
58	2.0267926792679267
59	2.0291129112911293
60	2.0344734473447343
61	2.046194619461946
62	2.0438443844384437
63	2.042164216421642
64	2.0434743474347434
65	2.047964796479648
66	2.0577157715771577
67	2.061696169616962
68	2.071087108710871
69	2.0713371337133712
70	2.0786278627862784
71	2.078127812781278
72	2.0814481448144813
73	2.0833183318331834
74	2.0858085808580857
75	2.0878487848784877
76	2.091789178917892
77	2.0965696569656966
78	2.0954995499549955
79	2.101850185018502
80	2.1094109410941093
81	2.1001200120012
82	2.1017201720172016
83	2.0975597559755976
84	2.0998899889989
85	2.1061106110611063
86	2.1108510851085107
87	2.112101210121012
88	2.1123912391239124
89	2.1063606360636062
90	2.108110811081108
91	2.104660466046605
92	2.1188318831883186
93	2.1265826582658267
94	2.123062306230623
95	2.1204720472047205
96	2.1213121312131213
97	2.105980598059806
98	2.1146114611461146
99	2.1244424442444245
100	2.126142614261426
101	2.142024202420242
102	2.135923592359236
103	2.1393139313931395
104	2.1425142514251427
105	2.1464746474647463
106	2.1474747474747473
107	2.154685468546855
108	2.139013901390139
109	2.1383938393839386
110	2.136903690369037
111	2.162846284628463
112	2.1591659165916592
113	2.15999599959996
114	2.1571157115711572
115	2.1573357335733574
116	2.1527552755275527
117	2.1555655565556555
118	2.1574557455745573
119	2.1596659665966595
120	2.1603260326032605
121	2.1615261526152616
122	2.162616261626163
123	2.166066606660666
124	2.1826282628262828
125	2.1844684468446847
126	2.1753975397539755
127	2.179027902790279
128	2.177687768776878
129	2.1818281828182817
130	2.19018901890189
131	2.1938593859385938
132	2.191189118911891
133	2.1920792079207922
134	2.1956895689568956
135	2.197049704970497
136	2.196429642964296
137	2.1885988598859885
138	2.1868386838683866
139	2.1956195619561956
140	2.204930493049305
141	2.211881188118812
142	2.203660366036604
143	2.205900590059006
144	2.2295829582958295
145	2.2304030403040302
146	2.2304830483048304
147	2.229122912291229
148	2.235833583358336
149	2.2417441744174416
150	2.262056205620562
151	2.276167616761676
152	2.28000800080008
153	2.275137513751375
154	2.2873687368736872
155	2.2856485648564857
156	2.285088508850885
157	2.3047904790479046
158	2.306060606060606
159	2.3036703670367036
160	2.3048004800480046
161	2.3033703370337033
162	2.3147214721472147
163	2.3133713371337135
164	2.3131513151315133
165	2.31020102010201
166	2.308820882088209
167	2.3346534653465345
168	2.325032503250325
169	2.3216321632163215
170	2.33012301230123
171	2.32003200320032
172	2.320692069206921
173	2.3215021502150215
174	2.3295329532953297
175	2.3285428542854287
176	2.32968296829683
177	2.3304630463046303
178	2.3505650565056504
179	2.355935593559356
180	2.3662966296629664
181	2.3631963196319634
182	2.363046304630463
183	2.3605060506050606
184	2.3720972097209723
185	2.3605960596059608
186	2.354305430543054
187	2.3588758875887588
188	2.355855585558556
189	2.3726772677267727
190	2.3845784578457847
191	2.3773477347734775
192	2.355655565556556
193	2.3559655965596558
194	2.3757875787578757
195	2.3762776277627764
196	2.37976797679768
197	2.3806680668066806
198	2.373827382738274
199	2.367866786678668
200	2.3647464746474647
201	2.3582458245824585
202	2.334763476347635
203	2.3616461646164617
204	2.3636563656365635
205	2.3694869486948695
206	2.3662266226622664
207	2.371087108710871
208	2.375247524752475
209	2.376937693769377
210	2.3771277127712773
211	2.3785878587858784
212	2.3773777377737773
213	2.384728472847285
214	2.383318331833183
215	2.3814081408140813
216	2.3842884288428845
217	2.3883688368836884
218	2.3982098209820983
219	2.3826582658265827
220	2.381968196819682
221	2.3846984698469846
222	2.389028902890289
223	2.3867586758675867
224	2.3776477647764778
225	2.367116711671167
226	2.3726872687268727
227	2.3844784478447845
228	2.4022302230223023
229	2.394999499949995
230	2.395339533953395
231	2.395139513951395
232	2.383188318831883
233	2.3894789478947893
234	2.3892889288928894
235	2.398679867986799
236	2.390869086908691
237	2.3978597859785977
238	2.413031303130313
239	2.412021202120212
240	2.4062106210621064
241	2.411771177117712
242	2.402200220022002
243	2.4052905290529054
244	2.3852685268526854
245	2.3742774277427743
246	2.3847184718471848
247	2.3843584358435845
248	2.3883688368836884
249	2.4136513651365137
250	2.420992099209921
251	2.4285028502850285
252	2.4342834283428343
253	2.4117111711171115
254	2.4115611561156114
255	2.4091709170917093
256	2.4135413541354134
257	2.416771677167717
258	2.414171417141714
259	2.4023202320232024
260	2.3992599259925993
261	2.3921792179217922
262	2.3975597559755975
263	2.397039703970397
264	2.4034203420342033
265	2.4002900290029
266	2.4016101610161016
267	2.402070207020702
268	2.4026702670267026
269	2.4004000400040004
270	2.403990399039904
271	2.3986498649864987
272	2.4174417441744174
273	2.4234523452345234
274	2.438853885388539
275	2.4377837783778378
276	2.4242324232423242
277	2.428882888288829
278	2.4263126312631265
279	2.4284128412841284
280	2.418861886188619
281	2.4315231523152314
282	2.441054105410541
283	2.447864786478648
284	2.4599159915991597
285	2.4567356735673567
286	2.46983698369837
287	2.470697069706971
288	2.4461946194619464
289	2.4472347234723473
290	2.4443644364436445
291	2.4372837283728375
292	2.4282028202820283
293	2.4149814981498148
294	2.4164616461646165
295	2.4234623462346234
296	2.4144014401440144
297	2.411141114111411
298	2.4115611561156114
299	2.410841084108411

