0 0
1 1
2 3
3 12
4 24
5 21
6 44
7 67
8 81
9 87
10 106
11 147
12 154
13 191
14 196
15 225
16 275
17 276
18 256
19 309
20 317
21 290
22 294
23 297
24 317
25 328
26 322
27 274
28 330
29 279
30 280
31 303
32 255
33 242
34 242
35 210
36 197
37 202
38 191
39 193
40 173
41 169
42 147
43 125
44 115
45 113
46 118
47 111
48 96
49 89
50 70
51 72
52 71
53 58
54 52
55 46
56 44
57 40
58 49
59 31
60 31
61 34
62 22
63 22
64 22
65 20
66 19
67 12
68 23
69 14
70 13
71 8
72 10
73 11
74 7
75 8
76 10
77 9
78 6
79 0
80 3
81 6
82 5
83 7
84 2
85 1
86 4
87 4
88 3
89 3
90 2
91 1
92 2
93 0
94 2
95 3
96 2
97 0
98 0
99 2
100 2
101 1
102 2
103 0
104 1
105 1
106 0
107 2
108 2
109 1
110 0
111 0
112 0
113 1
114 0
115 0
116 0
117 0
118 0
119 0
120 0
121 1
122 3
123 0
124 0
125 0
126 0
127 0
128 0
129 1
130 0
131 0
132 1
133 0
134 0
135 0
136 0
137 0
138 0
139 0
140 0
141 0
142 0
143 0
144 0
145 0
146 0
147 0
148 0
149 1
