0 0
1 0
2 0
3 0
4 0
5 0
6 0
7 0
8 0
9 0
10 0
11 0
12 0
13 0
14 1
15 1
16 0
17 0
18 2
19 6
20 5
21 15
22 18
23 14
24 20
25 32
26 24
27 55
28 59
29 68
30 77
31 102
32 123
33 131
34 141
35 181
36 196
37 240
38 221
39 240
40 244
41 300
42 291
43 288
44 350
45 345
46 328
47 320
48 323
49 343
50 314
51 347
52 308
53 314
54 308
55 263
56 256
57 263
58 237
59 236
60 210
61 200
62 175
63 155
64 152
65 119
66 129
67 112
68 105
69 92
70 74
71 73
72 66
73 48
74 39
75 37
76 47
77 28
78 33
79 28
80 20
81 15
82 15
83 13
84 6
85 9
86 6
87 8
88 5
89 3
90 3
91 4
92 4
93 1
94 3
95 1
96 1
97 2
98 0
99 2
100 1
101 0
102 0
103 0
104 1
105 1
106 0
107 0
108 0
109 0
110 1
111 1
112 0
113 1
114 0
115 1
